192
190
189
188
187
186
184
183
182
180
179
178
177
176
174
173
172
171
170
169
168
166
166
164
163
162
161
160
159
158
158
156
156
155
154
153
152
152
151
150
149
148
148
147
147
146
146
145
144
144
144
143
143
142
142
142
142
141
141
141
141
141
141
141
141
141
141
141
141
141
141
141
142
142
142
142
143
143
144
144
144
145
146
146
147
147
148
148
149
150
151
152
152
153
154
155
156
156
158
158
159
160
161
162
163
164
166
166
168
169
170
171
172
173
174
176
177
178
179
180
182
183
184
186
187
188
189
190
192
193
194
196
197
198
199
200
202
203
204
206
207
208
209
210
211
212
214
215
216
217
218
219
220
221
222
223
224
225
226
227
228
229
230
230
231
232
233
234
234
235
236
236
237
238
238
239
239
240
240
240
241
241
242
242
242
242
242
243
243
243
243
243
243
243
243
243
243
243
242
242
242
242
242
241
241
240
240
240
239
239
238
238
237
236
236
235
234
234
233
232
231
230
230
229
228
227
226
225
224
223
222
221
220
219
218
217
216
215
214
212
211
210
209
208
207
206
204
203
202
200
199
198
197
196
194
193
